   0:          1               1        0.000
   1:       6815            6816        0.001
   2:      33050           39866        0.005
   3:      40709           80575        0.010
   4:      40207          120782        0.015
   5:      39685          160467        0.020
   6:      39271          199738        0.025
   7:      39451          239189        0.030
   8:      39625          278814        0.036
   9:      40065          318879        0.041
  10:      39882          358761        0.046
  11:      39888          398649        0.051
  12:      40552          439201        0.056
  13:      40762          479963        0.061
  14:      41402          521365        0.066
  15:      42354          563719        0.072
  16:      42554          606273        0.077
  17:      42692          648965        0.083
  18:      42676          691641        0.088
  19:      43370          735011        0.094
  20:      43702          778713        0.099
  21:      43591          822304        0.105
  22:      44730          867034        0.110
  23:      45310          912344        0.116
  24:      45772          958116        0.122
  25:      46691         1004807        0.128
  26:      47545         1052352        0.134
  27:      47982         1100334        0.140
  28:      48876         1149210        0.146
  29:      49063         1198273        0.153
  30:      49452         1247725        0.159
  31:      49717         1297442        0.165
  32:      50383         1347825        0.172
  33:      50595         1398420        0.178
  34:      50634         1449054        0.185
  35:      50829         1499883        0.191
  36:      51157         1551040        0.198
  37:      52048         1603088        0.204
  38:      52081         1655169        0.211
  39:      52676         1707845        0.217
  40:      52632         1760477        0.224
  41:      53319         1813796        0.231
  42:      53213         1867009        0.238
  43:      53722         1920731        0.245
  44:      53779         1974510        0.251
  45:      53766         2028276        0.258
  46:      54398         2082674        0.265
  47:      54620         2137294        0.272
  48:      54669         2191963        0.279
  49:      55323         2247286        0.286
  50:      55935         2303221        0.293
  51:      55843         2359064        0.300
  52:      56664         2415728        0.308
  53:      57310         2473038        0.315
  54:      58364         2531402        0.322
  55:      58816         2590218        0.330
  56:      60032         2650250        0.337
  57:      60801         2711051        0.345
  58:      61660         2772711        0.353
  59:      63544         2836255        0.361
  60:      64397         2900652        0.369
  61:      66503         2967155        0.378
  62:      68635         3035790        0.387
  63:      70364         3106154        0.396
  64:      72888         3179042        0.405
  65:      75355         3254397        0.414
  66:      78107         3332504        0.424
  67:      80565         3413069        0.435
  68:      83516         3496585        0.445
  69:      86849         3583434        0.456
  70:      90816         3674250        0.468
  71:      94263         3768513        0.480
  72:      98221         3866734        0.492
  73:     103263         3969997        0.506
  74:     107586         4077583        0.519
  75:     111955         4189538        0.533
  76:     116373         4305911        0.548
  77:     121028         4426939        0.564
  78:     124420         4551359        0.580
  79:     130376         4681735        0.596
  80:     134787         4816522        0.613
  81:     139169         4955691        0.631
  82:     144226         5099917        0.649
  83:     147804         5247721        0.668
  84:     151563         5399284        0.688
  85:     154240         5553524        0.707
  86:     157207         5710731        0.727
  87:     157501         5868232        0.747
  88:     158114         6026346        0.767
  89:     157551         6183897        0.787
  90:     154651         6338548        0.807
  91:     151118         6489666        0.826
  92:     147170         6636836        0.845
  93:     140977         6777813        0.863
  94:     133168         6910981        0.880
  95:     125112         7036093        0.896
  96:     116832         7152925        0.911
  97:     106657         7259582        0.924
  98:      96911         7356493        0.937
  99:      86136         7442629        0.948
 100:      75966         7518595        0.957
 101:      64977         7583572        0.966
 102:      56231         7639803        0.973
 103:      46831         7686634        0.979
 104:      38759         7725393        0.984
 105:      31209         7756602        0.988
 106:      24988         7781590        0.991
 107:      19259         7800849        0.993
 108:      14854         7815703        0.995
 109:      11005         7826708        0.997
 110:       8038         7834746        0.998
 111:       5778         7840524        0.998
 112:       3956         7844480        0.999
 113:       2729         7847209        0.999
 114:       1892         7849101        0.999
 115:       1206         7850307        1.000
 116:        810         7851117        1.000
 117:        514         7851631        1.000
 118:        390         7852021        1.000
 119:        249         7852270        1.000
 120:        192         7852462        1.000
 121:        151         7852613        1.000
 122:        132         7852745        1.000
 123:        101         7852846        1.000
 124:         94         7852940        1.000
 125:         44         7852984        1.000
 126:         39         7853023        1.000
 127:         29         7853052        1.000
 128:          0         7853052        1.000